run   time   Entrants   Price   Total_Output   Avg_Output   Min_Output   Max_Output   Avg_MCosts   Min_MCosts   Max_MCosts   Avg_Profits   Min_Profits   Max_Profits   Avg_Rule   Perc_New_Tech
1   1   0   0.000  0.000   0.000   0.000   0.000   0.000   0.000   0.000   0.000   0.000   0.000   0.000 0.000
1   2   1   0.828  0.172   0.172   0.172   0.172   0.655   0.655   0.655   0.030   0.030   0.030   0.000 0.000
1   3   4   0.186  0.255   0.064   0.007   0.126   0.681   0.619   0.737   0.006   0.000   0.016   0.000 0.500
1   4   3   0.242  0.273   0.091   0.078   0.108   0.636   0.619   0.649   0.008   0.006   0.012   0.000 0.333
1   5   3   0.242  0.273   0.091   0.078   0.108   0.636   0.619   0.649   0.008   0.006   0.012   0.000 0.333
2   1   0   0.000  0.000   0.000   0.000   0.000   0.000   0.000   0.000   0.000   0.000   0.000   0.000 0.000
2   2   0   0.000  0.000   0.000   0.000   0.000   0.000   0.000   0.000   0.000   0.000   0.000   0.000 0.000
2   3   0   0.000  0.000   0.000   0.000   0.000   0.000   0.000   0.000   0.000   0.000   0.000   0.000 0.000
2   4   1   0.845  0.155   0.155   0.155   0.155   0.690   0.690   0.690   0.024   0.024   0.024   0.000 0.000
2   5   5   0.149  0.255   0.051   0.006   0.081   0.694   0.664   0.738   0.003   0.000   0.006   0.600 0.600
3   1   3   0.258  0.227   0.076   0.062   0.083   0.698   0.690   0.712   0.006   0.004   0.007   1.000 1.000
3   2   3   0.254  0.239   0.080   0.071   0.088   0.681   0.672   0.690   0.006   0.005   0.008   1.000 1.000
3   3   3   0.255  0.236   0.079   0.071   0.092   0.686   0.672   0.693   0.006   0.005   0.008   1.000 1.000
3   4   5   0.148  0.259   0.052   0.008   0.104   0.689   0.637   0.733   0.004   0.000   0.011   0.800 0.600
3   5   5   0.141  0.295   0.059   0.032   0.094   0.646   0.611   0.672   0.004   0.001   0.009   0.800 0.800
4   1   2   0.366  0.268   0.134   0.051   0.217   0.598   0.516   0.681   0.025   0.003   0.047   0.500 0.500
4   2   3   0.242  0.273   0.091   0.011   0.212   0.636   0.516   0.716   0.016   0.000   0.045   0.333 0.667
4   3   3   0.242  0.273   0.091   0.011   0.212   0.636   0.516   0.716   0.016   0.000   0.045   0.333 0.667
4   4   3   0.242  0.273   0.091   0.011   0.212   0.636   0.516   0.716   0.016   0.000   0.045   0.333 0.667
4   5   3   0.242  0.274   0.091   0.010   0.210   0.634   0.516   0.716   0.016   0.000   0.044   0.333 0.667
5   1   0   0.000  0.000   0.000   0.000   0.000   0.000   0.000   0.000   0.000   0.000   0.000   0.000 0.000
5   2   1   0.851  0.149   0.149   0.149   0.149   0.703   0.703   0.703   0.022   0.022   0.022   0.000 1.000
5   3   1   0.851  0.149   0.149   0.149   0.149   0.703   0.703   0.703   0.022   0.022   0.022   0.000 1.000
5   4   2   0.397  0.206   0.103   0.091   0.114   0.691   0.680   0.703   0.011   0.008   0.013   0.000 1.000
5   5   2   0.397  0.206   0.103   0.091   0.114   0.691   0.680   0.703   0.011   0.008   0.013   0.000 1.000
